KIC Label
1026309 0
1027110 0
1027337 0
1160789 1
1161447 1
1161618 1
1162220 0
1162746 1
1163114 0
1163359 0
1163621 1
1294122 0
1294385 0
1296068 0
1296507 0
1429505 0
1431059 0
1432587 0
1433593 0
1433730 0
1433803 0
1435573 1
1569842 0
1571780 1
1572175 0
1572780 0
1575886 1
1576043 0
1576469 1
1717618 0
1719297 0
1719422 0
1720241 0
1720425 1
1723047 0
1723752 0
1723843 0
1725190 1
1725552 0
1726211 1
1726245 1
1726291 0
1864183 0
1864855 0
1865262 0
1865595 0
1865747 0
1867706 0
1868101 1
1870196 0
1870433 0
1871314 0
1871927 0
1872166 1
1872469 0
1872517 0
1873510 1
1995358 1
1995859 1
1996078 0
1996415 0
2010137 0
2011582 1
2011891 0
2013502 1
2014684 0
2015820 1
2016676 1
2016706 1
2016978 0
2017541 0
2018283 0
2018392 0
2018537 0
2140446 0
2141255 0
2141928 1
2141932 0
2142095 1
2155869 0
2156178 1
2157059 0
2157650 0
2158410 1
2159864 0
2160901 0
2161409 0
2161831 0
2163856 1
2164262 0
2164327 1
2164379 0
2164874 0
2165198 0
2165450 1
2165615 1
2166223 0
2167774 0
2283075 0
2283093 0
2283721 0
2284330 1
2284679 0
2285827 0
2285898 1
2297785 1
2297825 1
2300329 0
2300503 0
2301349 0
2303101 0
2303200 0
2303367 1
2303414 0
2304104 1
2304765 0
2305145 1
2305407 0
2305479 0
2305590 0
2305930 1
2305987 0
2305992 0
2306481 1
2307683 0
2309469 1
2309550 1
2422073 0
2422558 0
2422635 0
2423824 0
2423932 0
2424822 0
2424934 1
2424955 0
2425631 0
2435987 0
2436209 0
2436417 1
2436688 0
2436900 0
2437040 0
2437191 0
2437340 0
2437353 1
2437507 0
2437564 1
2437692 1
2437804 1
2437816 0
2437965 0
2438051 1
2438333 0
2438368 1
2441995 1
2442483 0
2442559 1
2443573 0
2443903 0
2444062 1
2444348 0
2444790 0
2445426 0
2446327 0
2447046 0
2447476 0
2447529 1
2447604 1
2448225 1
2448679 1
2449020 1
2449327 1
2449518 1
2449558 0
2449703 1
2451509 0
2554924 1
2556252 0
2556640 1
2557942 1
2558794 1
2568563 1
2568912 0
2569055 1
2569360 0
2569618 0
2569945 1
2570172 0
2570214 1
2570715 1
2572089 1
2573092 1
2575024 1
2576417 0
2578198 0
2578581 0
2579142 0
2579661 0
2580691 0
2581533 0
2583386 0
2583884 1
2584477 0
2584478 0
2693261 1
2693967 1
2695267 1
2695975 0
2696115 0
2696628 0
2696732 0
2696739 0
2697082 1
2697501 1
2709877 0
2710002 0
2710194 0
2710472 0
2711432 0
2711477 0
2712761 0
2713305 0
2714090 1
2714397 1
2714785 0
2716608 1
2719113 1
2719795 0
2720096 0
2720777 0
2831788 0
2831815 0
2832426 0
2834230 1
2835067 0
2835283 0
2835657 0
2835720 0
2836038 1
2837276 0
2846051 0
2846659 0
2846944 0
2847114 0
2847978 0
2848887 0
2849476 0
2850010 0
2850480 0
2854297 1
2856328 0
2856795 1
2858440 1
2860010 1
2860746 0
2970396 1
2970584 0
2971432 0
2972545 0
2973894 1
2975717 0
2984102 1
2984382 0
2987113 1
2988295 0
2988638 1
2988988 1
2990932 0
2992350 1
2993958 1
2995197 0
2995753 0
2996019 1
2996112 1
2998532 0
3096473 0
3098045 1
3098179 0
3098716 1
3099834 0
3099949 1
3100053 1
3100193 0
3100505 0
3101090 1
3101632 1
3102386 0
3102411 0
3102479 1
3103685 0
3103827 0
3109520 0
3110460 0
3110626 0
3110733 0
3111383 0
3111815 0
3111831 0
3112021 1
3112182 0
3113433 0
3113648 0
3113818 0
3113915 0
3114215 0
3114408 0
3115946 0
3116604 1
3118806 0
3119526 1
3119555 0
3120486 0
3120585 0
3121427 0
3121940 1
3122185 1
3122548 1
3123653 0
3128866 1
3129312 0
3130335 0
3215565 1
3216467 1
3216638 0
3216716 0
3217051 1
3218312 0
3218930 0
3219744 0
3220837 0
3221086 0
3221239 0
3222220 1
3222240 0
3222670 1
3222740 0
3222834 0
3230719 0
3231503 1
3232813 1
3232838 1
3234655 1
3234666 0
3234703 1
3235616 1
3236108 1
3236379 0
3237572 0
3238303 0
3238859 1
3238956 0
3240119 0
3240670 0
3241374 1
3241947 0
3242122 1
3242233 0
3247334 0
3247570 0
3248697 0
3248982 0
3323401 1
3323943 1
3325179 0
3326233 0
3326392 0
3326790 1
3336731 1
3337536 0
3337581 1
3337740 0
3338252 0
3339519 0
3342658 1
3343621 0
3343630 0
3343931 0
3346227 0
3346398 1
3346501 0
3346779 0
3347054 0
3348070 0
3348134 1
3355015 1
3356643 0
3424072 0
3424105 0
3424384 1
3425044 0
3425217 0
3425476 1
3425675 1
3426673 0
3426898 0
3427629 1
3427850 1
3428530 0
3429176 0
3429364 0
3429738 0
3430048 1
3431022 1
3431244 1
3432802 0
3437742 0
3438609 1
3439353 0
3439356 0
3439466 1
3440249 0
3441184 0
3441207 0
3441473 0
3443483 0
3444029 0
3444374 0
3445572 1
3448729 1
3449870 0
3449907 0
3453419 1
3454626 0
3455146 1
3455760 0
3455843 1
3456449 1
3457618 0
3458097 0
3459109 0
3525541 1
3526061 0
3526625 1
3526995 1
3527032 0
3527708 0
3527891 0
3528656 0
3529097 1
3529276 0
3529399 0
3529480 1
3529597 1
3530520 1
3530823 1
3530942 0
3531436 0
3531478 0
3532085 0
3532113 0
3532734 0
3532985 1
3533464 0
3533480 1
3539408 0
3539429 0
3541061 1
3541631 1
3541897 1
3543433 0
3543722 0
3543887 0
3544637 1
3544887 1
3544987 0
3545033 0
3545147 0
3546046 0
3547041 0
3547236 0
3547488 0
3548732 0
3553319 0
3553529 0
3555292 1
3555594 0
3556801 0
3559502 0
3560093 1
3560181 1
3629684 0
3631092 0
3631402 1
3631821 1
3633057 0
3633152 0
3633751 0
3634224 0
3634488 0
3634720 1
3641504 0
3642038 0
3642135 1
3642837 0
3644223 0
3644958 0
3645232 0
3645589 0
3646127 0
3646628 1
3646933 0
3647215 0
3651360 1
3654437 1
3654897 0
3656231 1
3656240 1
3658136 0
3658812 0
3660374 0
3660498 0
3660554 1
3660976 1
3661266 0
3661494 0
3663047 0
3663200 1
3727412 1
3728936 1
3729799 0
3729833 0
3730125 0
3730689 1
3730854 0
3733028 0
3734104 0
3735269 0
3735447 0
3735912 0
3736289 1
3736401 1
3736477 1
3742673 0
3744043 0
3744681 1
3745153 1
3747777 0
3747860 0
3748691 1
3749487 0
3750613 0
3750614 0
3750783 1
3750891 0
3751222 1
3754895 0
3756174 0
3756180 0
3756737 1
3758458 1
3758505 0
3758731 1
3759654 1
3759814 0
3760337 1
3760664 0
3761660 0
3765190 0
3833180 1
3833399 1
3833819 0
3834190 1
3835454 1
3835996 0
3836105 0
3837107 1
3837488 0
3838075 1
3838180 0
3839294 0
3839310 0
3847071 0
3847667 1
3847697 0
3849027 1
3849527 0
3849996 1
3850744 1
3852384 0
3853555 0
3854943 0
3855003 0
3855032 1
3855039 0
3855126 0
3858714 1
3858850 1
3860139 0
3860176 1
3860179 0
3860253 0
3861797 0
3862485 0
3863402 1
3864625 0
3866315 0
3866912 0
3867193 0
3869326 1
3934458 1
3935987 0
3936047 0
3936823 0
3936921 1
3937022 0
3937217 1
3938291 0
3939679 0
3940854 0
3942203 1
3942500 0
3942701 0
3946389 0
3946701 0
3947121 1
3951748 1
3951839 1
3952315 0
3952656 1
3953057 0
3954000 1
3954327 0
3954348 0
3954671 0
3954766 0
3954770 1
3955590 0
3956513 1
3956793 1
3957521 1
3958400 1
3958463 1
3958615 0
3958725 0
3962670 0
3962731 0
3963653 1
3965225 0
3965502 0
3966952 0
3967300 0
3968119 0
3968764 0
3969220 0
3969841 1
3970053 0
3970223 1
3970635 0
3972675 0
3973247 0
3973813 0
3974120 0
3974163 1
4036007 1
4036300 1
4037216 0
4039306 1
4039831 0
4040211 0
4041405 0
4041406 1
4041741 0
4042300 0
4042863 0
4042951 1
4042977 0
4043008 0
4043436 1
4044855 0
4048951 0
4054771 0
4055294 0
4056079 0
4056266 1
4056281 1
4056365 0
4057076 1
4057744 0
4058004 1
4059499 0
4060545 1
4060807 0
4063998 1
4064179 0
4065054 1
4065939 0
4065977 0
4065994 0
4066278 0
4066846 0
4068048 0
4069447 0
4070714 1
4070746 0
4070891 0
4071104 1
4071379 1
4072847 0
4074796 0
4075610 0
4077249 0
4077835 0
4136374 1
4136835 0
4137210 0
4139784 0
4139805 1
4139914 1
4140726 0
4140796 0
4141483 0
4141488 0
4141698 0
4141815 1
4143460 1
4143467 0
4144103 1
4147993 0
4149966 1
4157276 1
4157282 0
4157786 0
4164464 0
4164910 1
4165109 0
4168909 0
4169130 1
4169517 1
4171788 0
4172283 0
4173334 0
4174996 0
4177025 0
4241369 1
4242705 0
4243284 0
4243796 1
4243803 0
4244274 0
4244973 1
4245297 1
4246729 0
4249128 1
4249357 0
4252080 0
4252461 0
4253429 0
4261269 0
4261881 0
4262061 0
4262239 0
4262252 0
4262505 0
4262667 0
4263884 1
4269096 0
4269391 1
4270423 0
4271039 0
4275434 1
4275625 1
4276070 1
4276837 0
4277451 0
4279009 0
4279700 0
4280424 0
4281490 1
4281702 1
4281847 1
4282111 1
4283517 1
4284099 1
4284281 0
4284581 0
4345370 0
4346266 0
4346319 1
4346893 1
4346953 0
4348513 0
4348666 0
4350501 0
4356390 1
4356964 1
4357170 0
4357390 0
4357662 0
4358564 1
4358581 1
4365609 1
4366351 0
4366880 1
4367337 0
4370730 0
4371406 0
4371562 0
4372082 1
4374106 0
4374169 1
4376346 1
4376913 0
4377436 0
4378473 0
4380775 0
4381719 1
4383388 0
4445549 0
4445711 1
4446181 1
4446215 0
4446405 0
4447974 0
4448636 1
4455406 1
4455528 1
4455785 1
4456739 1
4457395 1
4457761 0
4459025 1
4459359 0
4459786 1
4460015 1
4465224 0
4465237 0
4466582 0
4469602 0
4469886 1
4470280 0
4471217 0
4471811 0
4472729 0
4474383 1
4475934 1
4476422 1
4478281 0
4478615 0
4479314 0
4480358 0
4481621 0
4481622 0
4484996 1
4543229 0
4543371 1
4545474 0
4546625 1
4548530 0
4548564 0
4553631 0
4553643 0
4553892 0
4554044 1
4555456 0
4555699 1
4555734 0
4556646 0
4557817 1
4567326 0
4569298 1
4569691 1
4570120 1
4571324 0
4571448 0
4571650 0
4571962 0
4575396 0
4575420 0
4575645 1
4577048 0
4578246 1
4578488 0
4579125 0
4580159 0
4580189 0
4585508 1
4586817 0
4586875 1
4587050 0
4633907 1
4634108 0
4634310 1
4636731 0
4637793 0
4637939 0
4638317 0
4640537 1
4640930 0
4641634 0
4644573 1
4644949 0
4645455 1
4645474 0
4645513 1
4645692 1
4646012 1
4646245 1
4648485 0
4651366 1
4659821 1
4661299 1
4662188 0
4662555 0
4662939 1
4663478 0
4663975 0
4664515 0
4667909 0
4669118 0
4669400 0
4670253 0
4671329 1
4671738 1
4672904 0
4678118 0
4678610 0
4680570 1
4680912 0
4682420 0
4726049 0
4729586 0
4729920 0
4731118 0
4731138 0
4732137 0
4735859 0
4736611 0
4737942 0
4738255 0
4738539 0
4738610 0
4738764 1
4739728 1
4741931 1
4742356 1
4743924 1
4750456 0
4751953 1
4753224 0
4754348 0
4754881 1
4755372 0
4755467 1
4755560 0
4756219 0
4756445 1
4756746 0
4756934 0
4757071 0
4757638 0
4758222 0
4760954 1
4761037 1
4762423 0
4763631 0
4764420 1
4764422 0
4770149 1
4770846 1
4771707 0
4772722 1
4773539 0
4774298 0
4813971 1
4814198 1
4814689 0
4818312 0
4818420 0
4818830 1
4821839 0
4824985 1
4826087 0
4826423 0
4826855 0
4828553 0
4828670 1
4829511 0
4829682 0
4829985 1
4830268 0
4830883 0
4831169 0
4831888 0
4832196 0
4832708 1
4832773 0
4833377 0
4833670 1
4840514 1
4843143 1
4844589 1
4845694 1
4850315 1
4850790 0
4851832 0
4851948 0
4852302 1
4852480 0
4857279 0
4857853 1
4858315 0
4860292 1
4862353 1
4863282 0
4863352 0
4902641 1
4902701 0
4903283 1
4904166 0
4906950 0
4907665 0
4908025 0
4912124 0
4912918 0
4913049 0
4913771 0
4914234 1
4915387 0
4915716 0
4916620 0
4918371 0
4918748 0
4918925 0
4918972 1
4919239 0
4920044 0
4920600 0
4921047 0
4928515 1
4928958 0
4930018 1
4930269 1
4930464 0
4930617 1
4930906 1
4931389 0
4932311 0
4933594 1
4934147 0
4934550 0
4936335 0
4936438 0
4937257 1
4937576 0
4937784 0
4939895 0
4940439 1
4940536 0
4940916 1
4945337 1
4946220 0
4946445 0
4946632 0
4948344 1
4948479 0
4949422 1
4949473 1
4950323 0
4951617 1
4952454 0
4952516 0
4953192 1
4953262 0
4991033 0
4991732 0
4995218 0
4995788 0
4995956 1
4996676 0
4997023 0
5000089 0
5000307 1
5001658 1
5002732 0
5002776 1
5003442 0
5003549 0
5003625 0
5005173 0
5005217 1
5005243 0
5005508 0
5006206 1
5006454 1
5006817 0
5007332 0
5008936 0
5008996 0
5009376 0
5009393 1
5016549 0
5017711 1
5017766 0
5018570 1
5018689 0
5021453 1
5022571 1
5022741 0
5023732 0
5023889 0
5023953 1
5024043 0
5024750 0
5025021 0
5025895 0
5026008 0
5026178 0
5031925 0
5032140 0
5033804 1
5034206 0
5034571 0
5035304 0
5038397 0
5040572 1
5040851 0
5042916 1
5078240 0
5080831 0
5083205 0
5083936 1
5084662 1
5084999 0
5087190 1
5087542 1
5088148 1
5088362 1
5089305 1
5091962 0
5092846 0
5094118 0
5095886 0
5095946 1
5096092 1
5097114 0
5097873 1
5098143 1
5098145 1
5104573 1
5104949 1
5105190 0
5105399 0
5106217 1
5107886 0
5107950 0
5109052 0
5109878 0
5110961 0
5111949 1
5112072 0
5112288 1
5112361 0
5112373 1
5112387 1
5112401 1
5112467 1
5112730 1
5112744 0
5112786 0
5112880 0
5112938 1
5112948 0
5112950 1
5112974 1
5113041 0
5113910 0
5119742 0
5121605 1
5123226 1
5124813 1
5126724 0
5128171 1
5129011 1
5129236 0
5130161 1
5165979 0
5166068 0
5167473 1
5167972 0
5168382 0
5168707 0
5168713 0
5171575 0
5172229 0
5174642 0
5175152 1
5175621 0
5175734 1
5176520 0
5176709 0
5179166 0
5180026 0
5181651 1
5181782 1
5183325 0
5183935 1
5184073 0
5184199 1
5184276 1
5192039 1
5193840 1
5193912 0
5196152 0
5196300 0
5201670 0
5206349 0
5207415 0
5210624 1
5211720 1
5211724 0
5211806 1
5213512 1
5214140 0
5215820 0
5218022 0
5218333 0
5218957 1
5219465 1
5219637 1
5219666 0
5219779 1
5220010 0
5253296 0
5253782 1
5254812 0
5255835 0
5256019 1
5262610 0
5263007 1
5264406 1
5264655 1
5265226 0
5265256 0
5265577 0
5266369 0
5266416 1
5267939 0
5269165 1
5270933 1
5271191 1
5271626 1
5272829 0
5272843 1
5282288 1
5282875 1
5283798 1
5283958 1
5284127 1
5284948 0
5285357 1
5285490 0
5287034 0
5287065 0
5287610 0
5287706 1
5288607 1
5288716 1
5289571 0
5290071 1
5295280 0
5295898 0
5297605 0
5300767 0
5302674 0
5304355 1
5304515 1
5304582 1
5305259 0
5306095 1
5306751 0
5307203 0
5307348 1
5307930 1
5308081 1
5308777 0
5339687 1
5339823 1
5340189 0
5342486 0
5343454 0
5344460 0
5344943 0
5345094 0
5350163 0
5352699 1
5353178 1
5353200 1
5353283 0
5354104 0
5356201 0
5358184 0
5358969 0
5359241 0
5359478 1
5359568 0
5359600 0
5370902 0
5371124 0
5371173 0
5371202 0
5371626 0
5371756 0
5372374 0
5373278 0
5374221 1
5376348 0
5376385 0
5376963 1
5383275 1
5383359 1
5384584 0
5384777 0
5385518 0
5390372 0
5391275 0
5392313 0
5392657 0
5393304 1
5393453 0
5394451 0
5395669 1
5395887 0
5395997 1
5427229 1
5428360 0
5430779 0
5431353 0
5435961 1
5436082 1
5436490 0
5436814 0
5437909 0
5439087 1
5439339 1
5439372 0
5440198 0
5440488 0
5441150 1
5443651 0
5443741 0
5444972 0
5445796 1
5446242 0
5446355 0
5450049 0
5450439 0
5450937 0
5451290 1
5455901 1
5456086 0
5456612 0
5457518 0
5457811 0
5458219 0
5459287 1
5459563 0
5459855 0
5460741 1
5461146 0
5461447 1
5461921 0
5462797 0
5468123 0
5468161 0
5470218 0
5471005 0
5471396 0
5472717 0
5472964 0
5472976 0
5473840 1
5474712 1
5475271 0
5475952 0
5476034 1
5477873 0
5477973 1
5478010 1
5478864 1
5479483 0
5480957 1
5511566 1
5512777 1
5512910 1
5514024 0
5514079 0
5514974 1
5515314 0
5515794 1
5515939 1
5517118 1
5517310 0
5517442 1
5521210 0
5521718 0
5522071 0
5522479 0
5522575 0
5522686 0
5522822 1
5524119 1
5524229 0
5524720 0
5525400 0
5525484 0
5525572 1
5525753 1
5526083 1
5530664 0
5530982 0
5531278 1
5534253 1
5534335 0
5534910 1
5534973 0
5535029 0
5541499 0
5542222 0
5543289 0
5544444 0
5544447 0
5544606 0
5544763 1
5545303 1
5545340 1
5545719 0
5546141 0
5546749 1
5547077 1
5552283 0
5553045 1
5553963 0
5556683 1
5556743 0
5556764 1
5557807 1
5557808 1
5558110 1
5558488 1
5560983 0
5562913 1
5563915 1
5564915 0
5564922 0
5565067 0
5565654 0
5566037 1
5566078 0
5566146 0
5566273 1
5566644 0
5566669 0
5596344 1
5597397 0
5597965 0
5599763 1
5600739 0
5601827 0
5602062 0
5602545 1
5602690 0
5610212 0
5611192 1
5611769 0
5613099 0
5613241 0
5615439 0
5616489 1
5617324 0
5620596 1
5620636 0
5620654 0
5622103 1
5622780 0
5623097 0
5623391 0
5623444 0
5623569 1
5630175 0
5630500 0
5636780 0
5637392 0
5638865 1
5639438 0
5640843 1
5641322 0
5645576 0
5645845 0
5647719 0
5650420 0
5651262 1
5653970 0
5682548 0
5685000 1
5685237 0
5685279 0
5686036 0
5688694 0
5689343 1
5689606 0
5689750 1
5693324 1
5693454 0
5694017 0
5694720 0
5696539 0
5698093 0
5698156 0
5702180 1
5702382 1
5703348 1
5706341 1
5706724 0
5706760 1
5707115 0
5707416 0
5707560 1
5709265 0
5709564 1
5709667 0
5715911 1
5717058 1
5717541 0
5721762 1
5721975 1
5722012 1
5722272 0
5722826 1
5723909 1
5724947 0
5726892 1
5726966 0
5728401 1
5728738 1
5730384 1
5730703 1
5731385 1
5731766 1
5731852 0
5732418 1
5732922 1
5733555 1
5733975 1
5734092 1
5734838 1
5735779 1
5736093 1
5736841 1
5736877 1
5736976 1
5739098 1
5768075 0
5768953 0
5769244 0
5770031 1
5770637 0
5770923 1
5771513 1
5772710 1
5773063 0
5774558 0
5774568 0
5774861 1
5779724 0
5780424 0
5780614 0
5780782 0
5780828 0
5781782 1
5781901 0
5782127 1
5782671 0
5782792 1
5784094 0
5785268 0
5785573 0
5785710 0
5787509 1
5788354 1
5791045 0
5791135 1
5791844 1
5791889 0
5792421 1
5793427 0
5794100 1
5795250 0
5795626 1
5801446 1
5802797 0
5806522 0
5808398 0
5809445 1
5810333 1
5810513 0
5811766 0
5812955 0
5816145 1
5816923 0
5817028 1
5820359 0
5822232 1
5822936 0
5854149 1
5855568 1
5856737 0
5856931 0
5857548 1
5857724 0
5858034 1
5858641 0
5858947 0
5859492 1
5860093 0
5866138 1
5866537 0
5866737 0
5866945 0
5867450 0
5867990 0
5869293 0
5869538 0
5869785 0
5872236 1
5872509 1
5876758 1
5879728 1
5882005 0
5882210 0
5891982 0
5893765 0
5893926 0
5894271 0
5896480 1
5899642 0
5903484 1
5905655 0
5905736 0
5905907 0
5906289 0
5937398 0
5938430 0
5940060 0
5940068 0
5940587 0
5943345 1
5943448 0
5944493 1
5950668 0
5952890 0
5953450 0
5953709 1
5954815 0
5956105 1
5956977 0
5959615 1
5961015 1
5962031 0
5962451 0
5962470 1
5963732 0
5964042 0
5964634 1
5965040 1
5966386 1
5967194 0
5976238 1
5976798 1
5977341 1
5977508 1
5981329 1
5981666 1
5981697 1
5983299 1
6023638 0
6024360 1
6025031 0
6025641 0
6026188 0
6026983 0
6032639 1
6033938 0
6034166 0
6037102 0
6037660 1
6037811 1
6037858 1
6038302 0
6041223 0
6041575 0
6043187 0
6044054 0
6045299 1
6045509 0
6047339 0
6047683 1
6048671 0
6048862 1
6049459 0
6057532 1
6058104 0
6058700 0
6058941 0
6060867 0
6060903 1
6061867 0
6063745 0
6067314 1
6067958 0
6067987 1
6070366 1
6070419 0
6100524 0
6100831 1
6101471 0
6103082 0
6103934 0
6104786 0
6106895 1
6113813 0
6114108 0
6114507 0
6115575 0
6116517 0
6117196 0
6117517 0
6118479 0
6118670 0
6118789 0
6119774 0
6122562 1
6122627 1
6122692 0
6123202 0
6124244 0
6125862 1
6125893 0
6126808 0
6127825 1
6128337 0
6128428 1
6128774 1
6128903 0
6129411 1
6129581 1
6129632 0
6130405 0
6130752 1
6139471 0
6139561 0
6140030 1
6140132 0
6140748 1
6140947 1
6141488 0
6142229 1
6142932 0
6142964 0
6144777 0
6148227 1
6153373 1
6181896 0
6183311 1
6185317 0
6185964 1
6186435 1
6188215 0
6188269 0
6191190 0
6191288 0
6192043 0
6192431 1
6196149 1
6196950 0
6197448 1
6198123 0
6198476 0
6198581 1
6200178 0
6200565 1
6201050 0
6203503 1
6206407 1
6207510 0
6208018 0
6208344 1
6208846 0
6209377 0
6209759 1
6210264 1
6210900 0
6211965 0
6212600 0
6212708 0
6212838 0
6220899 1
6221641 1
6222262 0
6222355 1
6222530 0
6225344 0
6225660 0
6227242 0
6228364 0
6228590 0
6229677 0
6231096 0
6231237 1
6232858 1
6232914 1
6262706 0
6262867 0
6263410 1
6264398 1
6266772 0
6267800 0
6271732 1
6271877 0
6271966 0
6272933 1
6272964 0
6273063 1
6273090 0
6276645 0
6276898 1
6276948 1
6277049 0
6277741 0
6279038 0
6279068 0
6279491 1
6280472 0
6280589 0
6280936 1
6283618 0
6283995 0
6284459 1
6286142 0
6287950 1
6288543 1
6289002 0
6289527 1
6289573 1
6303699 0
6304676 0
6304807 0
6304895 1
6305709 1
6307578 1
6308068 0
6309307 1
6309488 1
6309549 0
6311518 0
6311997 0
6312478 0
6313603 1
6341990 0
6343222 0
6343543 1
6344499 1
6345145 0
6345456 0
6345474 1
6346443 1
6347518 0
6350696 0
6350918 1
6352802 0
6356581 0
6357879 1
6358455 0
6358570 0
6358695 0
6359105 0
6359454 0
6359890 0
6360104 0
6363090 1
6363109 0
6363338 1
6365511 0
6365867 1
6367815 1
6368363 0
6368800 1
6369548 0
6369774 0
6370549 0
6371008 1
6371141 1
6372328 1
6380975 0
6382830 0
6383574 0
6384492 0
6385325 1
6385953 0
6390781 0
6391933 0
6421579 0
6423690 1
6424157 0
6425301 0
6425652 1
6428602 0
6428974 1
6429457 1
6429995 0
6430534 1
6430834 1
6431941 0
6435542 0
6435786 0
6436353 0
6437547 0
6441442 0
6443407 0
6444595 0
6445497 1
6447498 0
6447552 0
6447817 1
6447883 0
6448010 1
6448697 0
6450613 1
6451495 0
6465075 0
6465610 1
6467408 0
6467645 0
6467788 0
6468506 1
6469446 0
6470560 1
6500038 0
6500623 0
6501237 0
6501676 0
6501869 1
6502765 1
6502800 0
6502960 0
6504411 1
6504725 1
6504840 0
6504978 0
6505025 1
6507794 0
6508300 1
6508328 1
6508804 0
6508943 1
6509721 1
6510447 1
6515734 0
6516242 1
6521069 0
6521522 0
6521571 0
6522182 0
6522571 1
6525150 1
6525916 0
6526417 0
6526657 1
6528720 1
6528942 1
6530065 1
6530242 1
6531550 1
6543282 1
6546685 0
6546755 1
6547007 0
6548666 1
6549467 0
6550823 0
6551391 0
6579495 0
6579998 1
6580479 1
6583850 1
6584091 1
6584555 0
6585816 0
6586554 1
6587049 1
6587245 0
6587345 1
6587665 0
6587865 0
6590363 0
6590675 1
6590774 0
6591027 0
6591336 0
6591762 0
6592034 0
6592627 0
6593240 1
6593596 1
6594505 1
6595127 1
6603506 1
6606106 1
6606904 1
6609265 0
6610354 1
6610828 1
6611219 0
6612102 0
6612293 0
6613293 1
6613846 0
6614588 1
6615504 0
6620507 0
6620987 0
6628766 1
6629205 1
6629315 1
6631489 0
6632882 1
6633766 0
6634762 1
6635892 1
6664431 1
6664533 0
6664950 1
6665058 0
6665526 0
6672662 1
6676597 0
6676788 1
6676885 1
6677653 1
6678322 1
6678428 1
6678432 0
6678433 0
6678472 0
6679278 1
6680386 1
6680734 0
6681414 0
6681465 1
6681565 0
6688318 0
6688580 1
6689398 0
6689517 0
6690139 0
6693329 0
6695665 1
6696387 0
6696436 0
6700106 0
6700113 1
6700591 1
6701023 0
6701238 1
6705642 1
6706559 1
6706980 0
6707195 0
6708078 0
6717307 1
6718029 1
6718509 0
6720476 1
6751420 0
6751876 1
6752116 0
6755373 0
6755830 1
6755907 0
6755958 0
6756017 1
6756579 1
6756648 1
6756908 1
6757332 0
6757558 0
6757928 1
6761651 0
6762022 1
6762612 1
6762849 0
6763330 1
6764026 0
6764229 0
6764262 0
6764382 0
6764685 0
6765032 0
6765408 0
6766852 0
6767249 1
6767829 0
6768319 0
6768355 1
6768448 0
6768654 0
6774693 0
6775098 0
6776396 0
6777074 0
6777790 0
6777888 1
6777971 1
6779009 1
6779699 0
6780490 1
6781023 0
6783485 1
6784377 1
6785523 1
6786042 1
6786075 0
6786177 0
6786398 1
6790382 1
6790938 1
6791309 1
6804138 1
6805631 0
6836321 1
6837256 0
6837573 0
6838375 0
6838420 0
6838707 1
6841322 0
6841449 0
6842204 0
6842824 1
6842918 1
6843557 0
6843705 0
6844293 1
6844373 0
6847371 0
6849148 0
6849167 1
6849932 0
6850177 0
6850417 1
6851401 1
6851499 0
6853127 0
6853266 1
6853465 0
6853779 0
6854095 1
6854391 1
6859803 0
6860096 1
6860649 0
6861403 0
6863017 1
6863185 0
6863899 0
6864995 1
6865501 0
6866149 1
6866587 1
6869093 1
6870779 0
6871105 0
6871472 1
6871557 0
6875474 0
6875569 1
6876162 0
6877259 1
6877290 1
6878041 1
6878398 1
6878403 1
6878800 0
6879830 0
6887430 0
6888638 0
6888756 0
6890257 0
6890433 1
6923677 1
6924105 0
6925109 0
6925158 0
6928997 0
6929280 1
6929729 0
6933666 0
6934127 1
6934780 1
6935260 0
6936091 0
6936796 1
6936990 1
6937017 0
6937257 0
6938892 1
6939158 0
6939484 0
6940048 1
6940380 0
6945727 1
6945941 0
6946219 0
6946519 0
6947706 0
6948001 0
6949816 0
6950753 0
6950976 0
6951680 0
6951925 1
6952140 0
6952355 0
6952430 1
6952984 0
6953271 0
6955215 0
6955286 1
6956481 1
6956582 1
6957157 1
6960601 1
6960978 1
6961060 1
6961071 0
6961680 1
6962291 0
6963528 0
6963897 1
6964342 0
6965362 0
6967600 1
6974745 0
6975038 0
7006979 1
7008219 1
7009245 0
7014001 1
7014894 1
7014958 0
7017044 1
7018192 1
7018252 1
7018515 0
7019217 0
7020371 0
7020392 1
7022581 0
7024001 0
7024649 1
7025568 1
7025721 1
7031016 1
7032190 1
7032312 0
7033467 0
7033518 1
7036099 0
7036151 1
7039075 1
7040879 0
7041245 0
7042040 0
7044886 1
7045489 0
7045503 0
7048889 0
7049306 1
7049467 0
7053383 0
7092067 0
7092127 0
7093179 0
7097136 1
7098252 1
7098412 0
7098510 1
7100768 1
7100888 1
7100955 0
7101244 1
7102068 0
7102491 0
7103182 0
7103297 1
7103666 1
7104797 0
7106052 0
7107940 0
7108501 1
7108536 1
7108646 1
7109064 1
7109120 0
7117050 1
7117362 0
7118412 1
7118721 1
7119181 0
7119694 0
7119934 1
7121616 0
7121674 0
7122640 0
7122919 0
7125921 1
7128663 0
7128999 1
7129766 0
7173885 0
7174636 0
7175826 0
7176070 0
7177015 0
7178170 0
7183922 0
7184978 0
7185001 0
7186274 1
7186542 0
7187059 0
7188156 0
7188323 0
7188504 1
7188662 0
7189418 0
7189610 1
7190047 1
7191496 0
7191673 1
7191945 1
7198587 0
7200117 0
7204026 0
7204369 0
7205397 1
7206531 1
7207251 1
7211754 0
7212057 0
7212114 0
7213716 0
7213942 0
7215396 0
7215938 0
7215997 0
7217665 1
7218915 0
7255313 0
7257193 0
7258771 0
7259237 0
7259653 0
7264736 0
7265067 0
7265075 1
7265189 0
7265649 0
7265993 0
7266674 1
7267119 0
7267370 1
7267593 0
7270142 0
7270385 0
7271514 1
7272257 0
7273176 1
7273426 1
7273672 0
7273965 0
7281777 1
7283405 0
7285374 1
7285830 1
7286739 0
7288241 0
7289277 1
7293609 1
7294715 1
7295725 0
7298034 0
7302117 0
7303187 1
7305252 0
7337994 1
7345128 0
7345186 1
7345308 1
7346365 0
7346442 0
7346684 0
7347189 0
7347195 0
7348314 0
7348442 1
7349134 0
7349386 1
7350897 0
7350968 0
7351098 1
7352442 0
7352718 1
7354299 0
7354460 0
7363339 1
7363357 1
7364232 0
7365701 1
7366321 1
7366820 1
7367035 0
7367289 0
7367400 1
7368013 0
7368584 0
7368594 1
7368754 1
7369386 1
7374869 0
7375177 0
7375225 0
7376259 0
7376659 0
7378357 0
7378432 0
7379100 1
7381710 1
7382407 0
7382908 0
7384523 1
7385745 0
7417186 0
7420223 1
7421138 1
7428217 0
7428418 1
7428624 0
7428931 1
7429055 0
7430037 0
7430104 1
7430868 0
7430892 1
7431665 0
7433485 1
7433813 0
7434436 0
7435143 0
7439931 0
7440390 0
7440589 1
7445517 0
7445518 0
7445698 0
7446296 0
7446560 0
7446648 0
7448051 0
7448329 1
7448746 0
7449159 0
7450230 0
7457184 0
7458106 0
7459180 1
7460447 1
7461851 0
7464220 0
7464664 0
7465221 1
7465477 0
7466616 1
7467630 1
7468404 1
7468893 0
7499531 0
7500388 0
7501516 0
7501667 0
7501722 0
7502157 0
7504110 1
7504619 0
7510604 1
7513379 0
7515137 0
7515243 1
7515516 1
7516156 0
7516687 0
7518143 0
7518352 0
7522091 1
7522297 1
7523259 1
7523875 0
7529215 0
7530849 0
7531119 0
7531332 0
7531908 1
7532885 1
7533496 1
7533804 0
7533995 0
7540130 0
7543102 0
7543672 0
7543694 0
7546098 0
7547964 0
7550235 1
7550955 0
7581214 0
7581399 1
7581822 0
7585122 1
7585523 1
7587099 1
7591451 0
7591481 1
7591642 1
7592262 0
7592356 1
7593843 1
7594337 0
7594865 1
7595155 1
7595285 1
7595572 1
7595722 0
7596219 0
7596701 0
7597056 1
7597230 1
7601617 0
7601618 0
7601720 1
7602359 0
7602732 0
7610113 0
7610274 0
7610417 0
7610636 0
7611069 0
7612438 1
7612755 0
7612916 1
7616655 0
7617072 0
7617227 0
7617399 0
7618122 0
7619034 1
7619745 0
7619946 0
7620272 1
7620783 1
7621561 0
7621593 0
7621979 1
7622273 0
7622307 0
7622649 0
7623046 1
7625723 0
7626457 0
7629559 0
7630302 0
7630743 0
7631194 1
7659773 0
7661515 1
7661609 0
7661720 1
7662025 1
7663228 1
7663241 1
7667124 0
7667657 1
7667757 0
7667900 0
7668520 0
7668782 0
7669105 1
7670419 1
7670489 0
7671055 0
7671562 1
7672292 0
7672405 0
7672969 1
7673019 0
7673779 0
7674224 0
7676643 0
7677194 0
7677317 1
7678547 1
7679049 1
7679756 0
7679799 1
7680159 1
7685039 1
7685316 1
7685724 1
7687390 0
7690692 0
7691148 1
7691871 0
7691952 0
7696229 0
7697146 1
7697217 1
7697607 1
7698511 0
7698688 0
7698929 1
7701048 0
7728958 0
7730215 0
7732065 0
7732255 0
7732335 0
7732836 1
7733106 0
7733619 0
7734065 1
7739067 0
7741179 1
7741472 0
7743176 1
7743539 1
7744204 1
7746983 0
7747495 0
7748003 1
7748979 1
7749249 0
7750700 0
7750902 1
7761336 0
7762104 0
7762794 0
7764335 0
7764361 1
7766103 1
7769544 0
7771045 0
7771441 0
7771603 1
7798570 0
7799762 0
7799904 0
7802549 1
7802551 0
7807614 1
7808227 1
7808516 0
7808690 0
7808791 1
7808899 0
7808930 1
7809050 0
7809908 1
7810708 0
7812552 0
7815943 0
7816406 0
7818152 0
7818452 1
7818982 1
7820169 1
7821234 1
7821913 0
7831228 0
7831348 0
7831636 0
7833657 0
7834159 1
7836711 0
7838475 0
7838873 1
7841410 0
7841977 1
7846870 0
7847454 0
7847816 1
7849791 0
7867854 1
7868532 0
7869334 1
7870980 1
7871690 0
7871897 1
7872519 1
7877451 0
7877673 0
7880096 1
7880417 0
7880511 0
7880664 1
7880893 0
7881669 1
7884574 1
7885455 1
7885511 1
7887295 0
7887436 0
7887960 1
7888403 0
7889420 0
7889429 1
7897890 1
7901207 0
7902578 1
7903116 0
7903173 0
7903576 0
7904594 0
7905047 0
7905597 0
7905696 0
7905712 0
7906186 1
7907191 1
7908109 0
7909320 0
7917701 1
7919558 0
7935931 1
7936033 0
7936407 1
7937449 0
7937828 0
7938029 0
7939118 1
7940675 1
7941510 0
7941728 0
7944038 0
7944193 1
7946636 0
7946762 0
7946809 0
7947648 0
7948086 1
7948193 0
7949258 1
7949585 1
7949599 1
7950550 0
7955392 1
7955856 1
7956524 0
7956671 0
7957166 0
7957377 0
7957671 0
7957822 1
7957918 0
7967534 1
7968120 1
7970207 0
7970619 0
7970844 0
7974439 0
7974594 0
7975276 0
7975647 0
7975969 1
7976006 0
7976420 1
7979316 1
7979468 0
7983015 0
7983221 1
7983431 0
7983470 0
7985382 0
7985438 0
7988900 1
7989213 0
8004637 0
8004863 0
8005116 1
8006058 1
8007217 1
8007218 0
8007458 0
8008492 0
8009339 1
8015956 0
8016118 1
8016119 0
8017898 0
8018464 0
8018575 0
8019020 1
8023581 0
8023982 1
8026963 0
8027609 0
8028908 0
8037100 0
8038347 0
8039063 0
8039416 1
8040267 0
8040763 0
8041904 0
8042126 0
8043596 0
8044218 0
8045883 1
8046212 0
8046439 1
8051694 1
8053949 0
8054055 0
8055041 1
8055108 0
8056874 1
8057047 0
8057180 0
8058062 0
8073887 0
8074326 1
8077790 0
8078554 1
8081069 1
8081278 0
8081535 1
8081636 0
8081853 0
8082339 0
8082494 1
8082913 0
8085964 1
8086192 0
8087067 0
8088143 0
8088198 1
8088244 1
8091157 0
8091492 0
8092466 0
8093877 0
8094277 0
8094602 0
8094948 0
8097755 1
8097831 0
8098454 0
8098590 0
8098608 0
8099073 1
8099102 0
8104771 1
8106525 0
8107079 0
8107227 1
8107355 0
8107831 1
8107984 0
8108732 0
8110811 1
8111302 0
8111705 1
8112377 0
8112523 0
8115488 0
8120076 1
8123432 0
8123843 0
8124622 1
8126531 0
8127582 0
8127707 0
8129047 0
8142438 0
8142943 1
8144467 0
8144529 0
8145152 0
8145176 1
8145311 0
8145590 1
8148993 1
8149325 1
8149536 1
8151314 1
8153309 0
8154383 0
8154541 1
8154693 0
8154799 0
8154817 0
8158382 0
8159241 0
8160419 0
8160590 1
8160637 0
8162345 0
8162973 0
8163250 0
8164254 0
8164977 1
8165094 0
8165159 0
8165444 1
8166918 0
8167335 0
8168080 0
8172679 0
8172720 1
8172784 0
8172877 0
8173036 1
8173148 1
8173581 0
8173725 1
8173921 0
8174161 0
8175027 0
8175438 1
8175678 0
8176259 0
8176543 0
8176733 0
8176777 0
8176893 0
8176905 0
8178600 1
8181700 1
8188772 0
8191905 0
8192753 0
8192892 0
8195153 0
8195595 0
8196436 0
8197210 1
8197719 1
8210306 0
8211573 0
8212479 0
8212786 0
8213138 0
8213984 1
8217125 0
8217514 1
8217977 1
8218568 0
8218906 1
8219000 0
8219022 0
8219070 1
8219125 0
8219268 0
8222189 0
8222691 1
8222944 0
8223014 0
8223463 0
8223927 0
8225839 1
8228880 0
8230578 1
8231947 0
8232017 0
8232262 1
8232851 1
8233775 0
8233917 1
8234900 0
8235013 1
8235144 0
8235448 0
8241402 1
8243314 0
8244769 0
8246635 1
8247851 1
8248041 0
8248948 0
8249714 0
8250333 0
8250489 0
8256020 0
8258311 1
8258630 0
8259226 0
8260453 1
8260689 0
8262338 0
8264006 1
8264079 0
8277043 0
8277362 0
8277879 0
8278906 1
8283356 0
8283646 0
8283958 0
8284032 0
8284510 1
8284682 1
8285025 0
8285510 0
8285712 0
8288164 1
8292681 1
8293158 1
8293291 1
8293345 0
8293686 0
8296548 1
8299489 0
8299922 1
8300692 1
8300747 0
8301905 0
8302107 0
8307149 0
8307548 1
8307630 1
8309890 0
8312324 0
8312512 0
8314240 0
8314514 1
8315796 0
8316412 0
8323295 0
8324636 1
8325764 1
8328390 0
8328668 0
8330598 1
8332266 0
8343654 0
8346238 1
8348568 1
8349350 1
8349732 0
8350443 1
8350645 0
8350894 0
8354896 0
8357852 0
8358665 0
8359169 1
8359180 0
8359997 0
8360297 0
8360334 1
8361996 1
8362623 0
8363272 1
8363443 1
8363613 1
8364363 1
8364578 1
8364786 0
8365018 1
8365052 1
8365522 1
8365909 0
8366239 0
8366262 0
8366758 1
8367834 1
8375240 0
8377116 1
8377200 1
8377727 1
8378462 1
8378481 0
8378653 1
8379490 1
8379613 0
8380242 1
8381246 0
8381505 0
8382339 1
8385961 0
8386283 0
8386337 0
8386537 1
8386921 1
8387412 0
8389387 0
8391175 0
8391532 1
8391545 0
8394035 1
8394175 0
8394497 1
8395153 0
8396782 1
8397081 1
8408920 0
8409983 1
8410006 0
8410529 1
8410818 1
8414512 1
8414518 1
8415501 0
8415616 0
8416447 0
8417184 0
8417711 1
8418309 0
8423171 1
8423426 0
8423708 0
8424298 0
8424785 1
8425507 0
8426672 0
8426743 1
8426868 0
8428095 0
8430504 0
8431063 0
8431241 1
8431479 0
8431695 0
8432219 1
8432239 0
8432800 0
8440248 0
8441160 0
8441683 0
8445814 0
8451486 0
8453896 0
8454209 0
8458124 0
8458459 0
8458519 1
8458954 0
8459085 0
8461449 1
8461659 1
8462934 1
8475025 0
8475164 1
8475511 0
8476554 0
8478478 0
8478550 1
8479182 1
8479383 1
8479780 1
8480097 0
8480205 0
8480233 1
8480313 1
8481174 0
8481765 1
8482522 1
8482769 1
8482944 1
8489832 1
8491147 1
8491197 0
8491283 1
8493827 1
8493969 0
8494160 0
8495082 0
8495124 0
8495626 0
8496042 1
8505072 0
8506096 1
8506788 1
8506816 0
8507295 0
8507397 1
8507484 0
8510560 0
8515390 1
8518198 0
8518402 1
8518881 0
8522040 1
8524315 0
8524633 0
8525359 0
8526108 1
8527188 0
8538793 0
8539201 1
8540034 0
8540384 1
8540615 1
8540820 1
8542964 0
8543200 1
8543569 0
8544483 0
8545067 0
8545291 0
8545504 0
8545861 1
8546146 0
8547085 0
8547122 1
8547469 1
8547669 0
8552581 0
8552947 1
8555265 0
8555599 0
8555914 1
8556078 0
8557457 0
8558329 0
8558629 1
8558633 1
8560280 0
8561126 1
8561202 0
8561216 0
8561238 1
8564559 1
8564966 0
8565016 0
8565159 1
8569991 0
8570577 1
8572242 1
8573783 1
8574234 0
8575147 1
8579095 0
8579328 0
8580595 1
8583313 0
8583586 1
8584513 1
8586983 0
8587329 0
8587948 1
8589163 0
8590577 1
8590920 0
8590931 0
8591738 1
8605197 0
8607365 0
8607581 1
8607620 1
8607720 0
8609482 0
8609704 0
8610579 0
8611114 1
8611369 1
8611394 0
8611833 1
8612241 0
8612393 0
8612480 0
8612481 0
8612520 0
8612585 0
8612811 1
8613105 0
8613120 0
8613617 0
8616844 1
8617169 1
8617244 0
8617711 0
8618510 1
8618560 0
8618653 1
8618934 0
8619048 0
8619322 1
8620380 0
8620449 1
8620872 0
8621445 0
8622860 1
8623565 0
8623829 1
8623850 0
8624143 0
8624155 1
8628585 1
8629927 1
8630006 1
8630783 0
8635922 1
8636389 0
8648671 1
8653471 0
8654220 0
8654400 0
8669282 1
8671819 1
8673221 1
8674172 0
8674581 1
8675106 0
8675789 0
8675826 1
8675885 0
8675975 0
8676240 1
8676927 1
8676988 1
8677342 0
8677701 0
8678018 1
8681963 0
8682462 1
8683589 0
8683779 1
8684542 0
8684860 0
8685978 0
8686058 1
8686389 1
8686904 0
8687248 0
8688421 0
8689270 0
8689522 1
8689599 1
8689860 0
8690009 1
8693004 0
8693018 1
8694481 0
8695243 1
8696035 1
8697068 0
8701081 0
8701893 1
8702863 0
8703041 0
8703146 0
8707667 1
8708650 1
8718745 0
8736415 0
8737032 0
8737047 0
8738333 0
8738537 0
8738834 1
8738980 1
8739118 1
8740476 1
8741733 1
8742229 0
8742545 0
8746146 1
8746222 1
8746834 0
8747415 0
8747442 0
8748278 1
8748406 0
8748869 0
8751733 1
8752893 0
8753234 1
8754155 1
8754274 0
8757215 1
8758700 1
8759207 1
8759746 1
8759811 1
8761471 1
8766846 0
8771414 1
8780467 1
8782196 0
8802374 0
8803207 0
8803432 1
8803615 1
8804395 1
8804886 1
8805565 0
8805632 0
8805663 1
8806231 0
8812397 0
8812919 0
8813509 1
8813618 0
8813727 1
8814586 1
8815290 0
8815404 0
8816007 0
8816437 0
8817343 0
8822878 1
8824235 1
8824264 1
8824452 0
8824732 0
8825444 1
8826079 1
8826496 1
8827367 0
8827622 1
8827646 1
8827659 0
8827853 0
8836830 0
8838230 0
8838450 0
8839028 1
8840004 0
8840992 0
8843610 1
8845321 1
8846187 1
8846245 1
8848288 0
8866716 0
8866860 0
8867740 0
8868800 1
8868929 1
8869611 0
8870432 1
8870850 0
8872046 0
8872709 1
8872979 1
8873797 1
8878424 0
8879369 0
8879518 1
8879938 0
8880420 0
8888925 1
8890410 1
8891957 0
8896115 0
8907943 1
8909673 1
8911558 1
8914107 0
8914297 0
8914504 1
8934264 0
8935612 1
8936084 1
8936104 1
8936347 0
8936409 0
8936877 0
8937073 1
8939889 1
8939964 1
8940098 1
8940241 1
8940851 0
8941196 0
8941202 1
8946471 1
8946619 1
8946818 1
8947422 1
8948403 1
8948617 0
8949653 0
8949818 0
8951178 0
8951252 1
8952952 0
8953164 0
8955683 1
8957480 0
8957543 1
8957693 0
8957928 1
8957944 0
8958065 0
8959259 0
8959538 1
8960083 0
8961152 0
8962109 0
8962844 1
8962923 1
8963972 1
8964218 0
8973228 0
8973815 0
8976283 0
8981783 0
8983847 0
8984044 1
8984355 0
9002577 0
9002777 0
9002805 1
9003765 0
9004448 1
9004818 0
9007080 1
9007718 1
9008090 1
9008236 0
9008270 1
9009158 1
9009175 1
9009403 0
9009805 0
9009957 0
9012783 0
9015765 0
9016455 1
9016901 1
9018004 1
9018909 0
9019877 0
9020419 1
9020943 1
9021204 0
9021464 1
9021671 0
9021799 1
9024483 1
9024667 1
9025029 1
9025216 1
9025278 0
9025447 1
9025498 0
9025882 1
9026209 0
9026308 1
9027245 0
9027635 0
9027654 1
9027871 0
9028321 0
9028511 1
9028697 0
9028880 0
9028967 1
9029195 1
9029603 0
9030294 1
9031798 0
9032691 1
9032713 1
9034557 1
9045025 0
9049147 0
9071153 0
9071238 0
9071489 1
9071650 1
9072262 0
9074137 0
9075225 0
9075872 0
9076149 1
9076584 0
9077453 0
9077501 1
9077844 1
9079904 0
9080175 0
9080407 0
9080445 1
9080606 0
9084314 0
9086060 1
9086187 0
9086216 0
9086505 1
9086653 1
9087870 1
9091772 1
9093038 1
9096899 1
9097394 1
9099712 1
9100325 0
9100438 1
9100444 1
9100548 0
9108045 1
9109244 0
9109723 1
9110060 0
9112472 1
9115334 1
9116434 0
9119915 0
9139859 0
9139970 1
9140614 0
9142574 1
9142768 1
9143545 1
9143834 0
9143868 1
9143924 0
9145781 0
9145861 0
9145952 1
9145955 0
9146245 0
9146372 0
9146423 0
9147335 1
9150223 1
9151578 1
9151763 0
9152245 0
9157260 0
9158119 0
9158981 0
9159227 1
9159263 1
9159375 1
9160695 0
9160995 1
9161068 0
9161150 1
9161451 0
9163153 0
9163785 0
9164696 0
9165879 0
9166023 0
9166070 0
9172292 0
9173371 1
9176207 1
9176522 0
9180003 0
9202471 0
9202597 0
9202995 1
9204851 0
9204871 1
9205044 0
9205663 0
9205705 0
9205952 0
9206643 1
9206941 0
9209366 0
9209471 0
9210256 0
9210319 1
9210570 0
9211401 1
9214176 0
9214302 0
9214512 0
9214827 1
9215910 0
9217018 1
9217456 0
9217521 1
9219997 0
9220076 1
9222389 0
9225958 0
9226335 1
9226481 0
9226739 0
9227589 0
9228331 0
9228346 1
9228469 0
9229592 0
9229601 1
9237288 0
9239082 0
9239173 0
9240941 1
9244091 1
9244428 1
9245283 1
9264889 0
9265513 0
9265822 0
9267305 0
9267654 0
9268083 1
9268087 0
9268146 0
9268349 0
9268703 1
9269234 0
9269302 1
9269772 0
9270087 1
9272281 1
9273073 1
9273251 0
9273827 0
9274044 0
9274288 1
9277886 0
9278376 0
9279486 0
9279769 1
9279889 0
9282363 1
9283112 0
9283248 1
9283816 1
9283918 1
9285761 0
9286287 0
9287916 1
9288026 1
9288944 1
9289780 0
9291249 0
9291624 1
9291830 1
9291976 1
9292180 0
9292208 0
9292408 1
9300159 0
9303751 0
9304549 0
9307073 0
9326421 0
9326484 1
9327993 1
9328682 1
9328774 0
9329058 1
9329200 0
9329519 0
9330758 1
9331202 1
9332840 1
9333184 1
9333290 0
9333501 0
9334010 0
9334793 1
9335191 1
9335348 0
9335457 0
9335518 0
9335536 0
9335570 1
9336090 1
9339711 0
9339825 1
9340114 1
9340325 0
9340539 1
9340623 0
9340993 0
9344639 0
9344741 0
9346108 1
9346288 0
9346602 1
9346607 0
9347846 1
9348987 0
9349632 1
9350031 0
9350151 1
9351186 1
9351617 1
9352513 1
9353187 1
9353531 1
9354037 0
9363969 0
9364778 1
9368745 0
9388422 1
9389234 0
9390328 0
9390666 1
9390936 0
9391192 1
9391954 0
9392039 1
9392274 0
9392650 1
9392933 1
9393028 1
9395535 0
9396095 1
9396363 1
9397110 1
9402439 0
9405221 0
9405269 1
9405555 0
9405867 0
9406415 1
9406426 1
9406596 1
9408278 0
9408590 1
9409463 1
9409513 1
9411366 1
9412408 1
9412682 1
9414068 0
9414102 1
9415248 0
9417940 0
9426610 0
9427247 1
9427889 1
9427899 0
9430402 1
9430786 0
9447310 0
9449413 0
9450786 1
9451434 1
9451999 1
9452006 1
9452570 1
9453362 1
9453407 1
9456153 1
9456242 0
9456478 0
9456506 0
9456598 1
9457108 0
9457533 0
9457766 0
9457889 0
9466520 0
9466998 0
9467117 1
9467361 1
9468160 0
9468199 1
9468930 0
9469212 1
9470055 0
9470210 1
9470276 0
9470830 1
9471284 1
9471678 0
9472064 1
9472481 1
9472635 1
9473921 1
9475300 0
9475697 0
9475932 1
9486819 0
9488333 1
9491316 1
9508346 0
9508395 0
9508595 1
9511816 0
9511938 0
9512426 0
9512519 0
9512635 0
9513787 1
9515026 0
9515045 0
9517003 0
9517131 0
9517331 0
9517542 0
9518506 1
9518802 1
9519609 0
9520156 1
9520864 0
9521171 0
9521461 1
9529813 0
9529974 1
9531084 0
9532518 1
9533544 1
9533861 1
9534802 0
9534964 0
9535000 1
9535050 1
9535399 0
9535481 1
9536330 0
9539910 1
9541946 0
9542075 1
9542506 0
9542779 1
9544002 0
9550045 0
9551807 0
9569462 0
9570409 1
9574609 1
9574650 0
9574730 1
9575645 1
9575718 1
9575847 0
9576289 1
9578794 0
9579328 1
9579357 0
9579401 0
9579860 0
9580043 0
9580171 0
9580343 1
9580407 1
9580991 0
9581445 0
9581849 1
9582005 1
9582638 0
9583430 1
9583607 1
9583720 0
9589500 1
9589638 0
9590062 0
9590930 1
9591097 1
9592315 0
9593412 1
9593804 0
9593820 0
9595822 0
9595844 1
9595924 0
9596106 0
9596639 1
9596867 1
9596869 0
9597214 1
9597524 1
9601661 1
9602917 1
9603327 1
9604492 0
9604524 1
9604795 1
9605294 1
9605990 0
9606195 1
9606889 1
9611634 1
9631782 0
9631844 0
9634962 1
9635388 1
9635490 0
9635603 1
9635649 0
9636127 1
9636300 0
9636807 0
9637054 0
9637337 0
9640480 0
9640886 0
9641246 1
9641447 1
9641484 1
9641636 1
9641772 1
9642202 1
9642805 0
9643159 0
9643914 1
9644558 1
9645099 1
9645361 1
9649717 0
9649940 1
9650172 0
9650527 1
9650881 1
9652704 0
9655101 1
9656523 1
9656652 1
9657917 0
9658002 0
9658072 1
9658793 0
9658958 1
9662343 1
9662344 0
9662637 0
9662768 1
9663182 0
9663247 0
9664360 0
9665229 0
9666021 0
9666718 0
9667064 1
9667164 0
9667930 1
9668064 1
9673317 0
9692063 0
9692431 0
9692529 0
9696576 0
9697074 1
9698133 0
9700053 0
9700899 1
9702057 1
9702609 0
9702841 1
9704246 1
9704258 0
9704676 0
9704774 1
9705542 1
9705636 1
9705687 1
9705759 1
9706194 0
9706219 0
9706585 1
9711231 0
9711269 0
9711349 0
9711492 1
9711510 1
9711988 1
9712200 0
9712445 0
9712510 0
9712824 0
9712888 1
9713083 1
9713617 0
9714063 1
9716081 1
9716522 1
9716866 0
9716994 1
9717214 0
9718024 1
9719012 0
9723501 1
9724029 0
9724324 1
9724859 0
9724882 1
9727261 0
9727392 1
9727675 1
9728284 0
9728845 1
9753097 0
9754133 0
9758145 1
9758246 0
9760904 1
9761597 0
9761625 0
9762408 0
9762752 0
9762943 1
9763419 1
9763796 0
9764708 0
9764758 0
9766403 0
9766517 0
9766639 1
9766906 1
9767051 0
9767322 1
9767332 1
9772366 0
9773214 0
9773266 1
9773741 1
9773922 0
9774312 1
9774549 1
9775302 0
9775516 1
9775566 1
9776466 0
9777088 1
9777293 0
9777536 1
9777885 1
9778288 1
9778887 0
9779708 1
9779963 0
9780183 1
9782964 0
9783225 1
9783226 0
9783247 1
9784586 0
9784687 0
9784946 0
9786625 0
9786910 0
9787045 0
9787442 1
9787503 1
9787723 1
9787747 0
9788777 0
9788834 1
9790050 1
9790384 1
9811950 0
9812507 0
9813713 1
9813963 0
9815488 1
9818288 0
9818513 1
9818564 1
9818604 0
9820702 0
9821622 0
9821783 1
9822609 0
9823871 0
9824343 0
9824516 0
9824874 0
9824971 1
9825039 1
9825822 0
9827003 0
9827682 0
9833073 0
9833272 0
9833561 0
9833591 1
9833651 1
9833831 1
9834183 1
9834365 1
9835269 1
9835436 0
9835575 1
9835626 0
9835713 0
9835790 1
9837287 0
9838978 1
9839246 1
9839918 1
9840492 1
9843358 1
9843486 1
9843513 1
9843754 1
9843910 0
9844865 1
9845028 1
9845795 1
9846098 0
9846355 1
9846810 1
9846877 1
9846977 1
9847922 0
9848308 1
9851596 0
9851743 1
9852625 0
9871800 1
9873116 0
9873127 0
9874261 0
9880324 0
9880435 0
9880563 0
9881167 1
9881628 1
9881708 0
9882316 0
9882446 0
9882550 1
9882766 0
9883123 0
9883214 1
9884319 1
9886274 0
9886542 1
9887134 0
9887199 1
9887488 1
9887555 1
9887609 0
9893440 0
9893889 1
9896187 0
9896470 1
9896877 0
9897403 0
9897809 0
9898657 1
9898999 0
9899323 1
9899421 0
9902695 0
9902962 1
9903290 0
9903422 0
9903915 1
9904563 1
9905106 0
9905403 0
9906278 1
9906303 0
9906841 1
9906905 1
9907188 0
9907368 1
9907856 1
9908082 1
9908198 1
9909804 1
9910166 1
9910758 1
9932339 0
9932463 0
9932866 0
9933754 1
9936015 0
9936571 0
9941141 0
9941242 0
9941713 0
9941911 0
9942071 1
9942292 0
9942816 1
9945290 1
9946074 0
9946773 1
9954248 0
9955959 0
9956345 0
9957219 1
9958522 1
9958567 1
9962729 0
9962849 1
9962982 0
9964206 1
9965093 1
9965354 0
9965582 0
9966247 1
9966796 0
9966823 1
9967076 1
9967351 0
9967700 0
9968249 0
9969574 0
9970068 1
9970098 1
9970454 1
9970830 1
9993459 0
9994630 1
9994652 0
9994798 1
9995133 0
9995162 0
9995535 1
10000207 0
10000547 0
10001167 0
10001326 0
10001440 0
10001796 1
10001935 1
10002556 1
10002647 1
10003349 0
10003419 1
10003497 0
10004825 0
10005422 1
10005429 1
10005966 1
10006097 0
10006158 1
10006548 1
10006828 0
10006852 1
10007150 1
10014635 1
10014893 0
10014914 1
10014959 0
10015663 1
10016093 0
10018239 1
10018442 0
10018811 0
10018923 0
10018967 1
10018973 1
10019961 1
10023322 0
10023439 0
10023520 1
10023547 1
10024460 0
10024484 1
10024786 1
10025321 0
10025387 0
10026767 1
10026795 0
10028634 0
10029763 1
10029821 1
10031091 0
10031856 0
10033231 0
10053392 0
10053594 0
10055061 0
10055196 0
10055660 0
10055674 0
10055700 1
10056474 1
10057222 0
10057670 0
10059338 0
10063028 1
10063214 0
10065848 1
10066568 1
10067407 0
10068556 0
10068801 0
10068810 0
10068892 0
10069045 0
10069277 1
10069570 0
10070717 1
10071249 1
10073828 1
10074230 0
10078979 0
10079987 1
10080974 1
10081951 1
10082360 0
10082581 1
10082602 1
10082680 1
10083224 1
10083313 1
10083480 1
10083815 0
10086465 1
10087394 0
10087522 1
10088768 1
10089758 0
10090039 0
10090400 1
10090568 0
10093888 0
10093930 1
10094545 1
10095409 0
10095427 0
10095438 1
10096113 1
10096476 0
10118422 1
10118658 1
10122158 0
10123207 0
10123573 1
10124179 0
10124436 0
10128629 1
10130148 1
10130679 0
10131030 1
10132247 0
10133033 0
10134740 1
10136256 1
10136291 0
10136388 1
10140238 0
10140432 0
10145279 0
10147072 1
10147167 0
10148026 1
10148658 0
10149906 1
10152909 0
10153120 0
10153739 1
10153785 0
10154071 0
10154247 1
10155286 1
10155387 0
10155731 1
10156307 1
10156576 1
10156597 0
10157507 0
10157808 1
10157936 0
10158201 1
10158548 0
10158595 0
10159217 0
10160285 0
10161092 1
10161943 0
10186053 1
10186075 0
10186608 1
10188141 1
10188458 0
10188953 0
10188964 1
10189920 1
10190733 0
10192458 0
10196240 1
10196630 0
10196797 1
10197619 0
10198207 0
10198347 1
10198761 0
10199187 0
10199289 0
10200093 1
10200377 0
10200886 0
10200892 1
10201944 1
10202184 0
10202324 1
10203168 1
10203751 1
10206307 1
10206457 0
10206622 0
10206840 1
10207059 1
10207268 0
10207321 0
10207524 0
10212620 1
10213610 0
10213931 0
10214045 1
10214295 0
10214564 1
10219075 0
10219361 0
10219690 1
10220213 0
10220447 0
10220795 1
10220865 1
10222079 1
10222567 1
10223027 0
10223204 1
10223257 1
10224535 1
10224631 0
10225706 0
10226276 0
10226478 1
10227872 1
10228698 0
10228836 1
10229796 1
10230535 0
10252281 1
10252692 1
10253776 1
10253921 0
10254023 1
10254051 1
10256345 0
10256655 0
10257278 0
10257683 0
10257750 1
10258061 0
10258307 0
10262542 0
10263341 0
10266404 0
10266723 1
10268744 1
10269537 1
10271721 0
10272641 0
10273236 0
10274445 0
10279663 1
10279676 1
10280586 1
10280656 1
10281513 1
10282002 1
10285389 0
10285722 1
10286378 1
10286616 1
10287062 0
10288283 0
10288611 1
10288903 0
10289299 1
10289378 0
10289507 0
10290315 1
10290457 1
10290535 1
10291535 0
10292156 0
10295441 0
10297313 1
10297567 1
10319045 0
10319709 0
10320170 0
10323583 0
10328277 1
10328498 0
10328727 0
10328921 0
10328946 1
10331610 1
10331686 0
10331908 0
10332186 1
10333131 0
10334585 1
10345661 0
10346117 1
10350302 1
10350408 1
10350934 1
10351017 0
10351196 0
10351528 0
10351578 1
10351764 1
10351792 1
10351820 0
10351947 0
10352610 1
10352615 0
10353044 1
10353556 0
10355672 1
10355764 1
10356032 0
10357764 1
10358632 1
10359816 1
10359999 1
10360984 0
10361268 1
10362043 1
10363172 1
10383488 0
10383668 1
10384255 1
10386904 0
10387370 0
10387935 1
10388249 0
10389037 1
10389393 0
10394570 1
10394950 0
10395327 1
10395400 1
10395638 1
10401843 0
10402207 0
10402819 1
10404656 0
10405285 0
10405377 1
10415545 0
10415654 1
10416550 0
10417364 0
10417559 1
10417623 0
10418503 0
10420202 0
10420335 0
10420502 1
10420629 0
10420662 1
10420822 1
10422013 1
10422589 1
10423340 0
10423375 0
10426854 1
10427193 0
10427256 0
10428163 0
10448025 0
10449846 0
10450939 1
10451213 0
10451228 0
10453652 0
10459696 0
10459794 0
10460243 1
10460324 1
10461347 1
10461757 1
10464837 1
10467510 1
10467570 1
10468528 1
10469976 1
10471148 1
10471628 0
10472318 0
10473363 0
10473692 0
10474071 1
10480806 0
10482001 1
10482521 1
10482713 1
10482750 1
10483180 1
10483504 0
10484140 1
10485557 0
10485765 0
10485923 1
10488463 1
10489017 1
10489073 1
10489108 1
10489340 1
10489417 1
10489877 1
10492224 0
10492468 1
10513837 0
10514458 0
10515651 0
10515966 1
10522084 1
10522111 1
10524715 0
10525282 1
10525475 1
10525595 0
10527754 0
10527889 1
10528911 1
10529006 0
10529640 1
10532670 0
10532751 1
10533369 1
10534826 0
10534891 1
10537376 1
10537820 0
10544592 1
10545081 1
10545089 0
10545152 1
10545904 1
10546497 0
10546977 0
10547370 0
10547575 0
10547905 0
10548201 0
10548319 0
10548741 0
10549650 1
10549732 0
10550170 0
10550359 1
10550429 0
10551313 1
10552202 0
10552527 0
10552614 1
10552929 0
10553525 0
10553844 0
10555025 0
10581491 0
10586902 0
10587122 1
10587702 0
10590683 1
10591093 0
10592249 1
10592335 0
10592802 1
10592924 0
10593078 0
10593088 0
10597648 0
10598558 1
10599101 0
10599712 1
10600926 1
10602015 0
10602372 0
10602374 1
10602976 1
10603170 1
10603438 1
10603958 1
10604054 0
10604255 1
10604435 0
10604460 1
10609343 1
10610250 0
10610275 0
10610707 1
10611084 1
10611263 0
10613106 1
10613112 1
10614000 1
10614003 0
10614602 0
10614707 1
10615356 1
10616364 0
10617209 1
10618005 1
10618251 1
10645209 0
10651578 1
10652469 0
10653141 0
10653194 1
10653200 1
10653383 1
10656124 0
10656842 0
10657633 0
10657932 1
10658326 0
10658641 0
10658726 0
10659100 1
10659842 0
10662595 0
10662618 1
10663785 0
10664514 1
10666932 1
10667966 1
10668065 0
10668443 0
10669123 1
10669234 0
10669590 0
10669876 0
10670445 0
10675052 0
10675230 1
10677809 1
10678016 0
10678491 0
10678590 0
10678779 1
10679090 1
10679246 0
10679466 0
10683016 1
10683330 1
10683647 1
10684584 1
10684837 1
10685015 0
10685283 1
10709704 1
10709799 0
10711145 1
10711154 0
10718491 0
10718832 0
10718902 1
10721900 1
10722067 0
10722175 0
10722954 0
10723388 1
10724027 1
10724041 1
10724193 1
10724620 1
10724735 1
10727178 0
10727457 0
10727789 0
10728179 1
10730228 0
10732050 0
10732526 0
10733042 1
10733897 0
10734179 1
10734241 1
10735027 1
10735077 1
10735926 1
10742112 0
10742794 1
10743092 0
10743195 0
10743331 0
10743515 0
10743686 0
10743887 1
10744641 0
10745554 1
10745616 0
10747862 0
10748902 0
10749235 1
10749954 1
10750658 1
10750730 1
10751237 0
10752337 1
10752913 0
10752915 0
10753840 0
10753962 1
10754090 0
10777816 0
10778969 1
10779177 0
10779537 0
10783198 1
10784996 0
10785390 0
10788540 1
10789202 0
10790301 0
10792801 0
10792949 1
10793771 0
10793872 0
10794838 1
10796378 0
10796857 0
10798647 0
10799530 1
10800303 0
10801063 0
10802837 1
10808345 1
10808557 0
10809277 1
10809457 1
10810211 0
10813238 0
10813811 0
10813862 1
10814091 1
10815014 1
10815461 0
10815462 1
10816214 1
10816301 0
10816748 0
10817319 1
10817647 0
10817660 1
10842958 1
10847321 0
10848618 1
10849541 0
10850440 0
10853817 0
10855512 0
10857579 0
10857623 0
10857953 1
10858331 1
10858520 0
10858675 0
10859687 1
10859779 0
10859941 1
10860146 1
10861311 0
10863535 0
10863834 0
10864433 0
10864711 0
10865371 0
10866415 0
10866694 1
10873280 0
10873579 1
10874337 1
10876039 1
10876156 1
10877915 0
10878084 0
10879372 1
10879440 1
10879742 0
10879853 1
10880958 1
10881149 0
10881317 0
10881810 0
10903016 0
10903247 0
10903291 1
10903874 0
10904520 0
10905139 0
10907196 1
10907410 0
10908442 1
10910197 0
10910523 0
10910541 1
10910674 0
10910802 1
10910839 1
10916563 0
10918731 1
10921258 0
10921270 0
10922167 0
10922608 0
10922821 1
10922840 0
10924652 0
10931578 0
10931902 1
10932270 0
10932336 0
10932891 1
10933384 0
10933775 0
10934588 1
10934758 1
10934929 1
10935377 0
10935853 1
10936814 1
10936833 1
10936984 0
10937597 1
10937722 0
10937936 1
10937954 1
10938167 1
10960400 0
10960798 0
10962775 1
10964584 1
10965536 0
10966634 0
10966950 1
10971893 1
10972288 0
10972858 0
10973397 0
10973854 0
10974202 1
10974984 1
10975126 1
10977040 1
10977146 0
10977629 1
10977979 0
10978085 1
10978509 1
10978581 0
10978699 0
10978857 1
10979181 0
10979258 0
10979742 0
10983401 1
10988708 1
10988898 1
10989954 0
10989961 0
10990113 0
10990243 1
10990704 1
10991271 1
10991398 1
10991673 0
10991798 0
10992126 0
10992345 0
10992390 0
10992711 0
11013471 0
11014721 0
11015261 1
11015392 0
11017831 0
11018481 0
11018710 0
11018922 1
11019954 1
11020211 0
11020885 1
11026184 1
11026472 0
11026973 1
11027005 1
11027337 0
11028372 0
11028575 1
11028826 0
11029151 1
11029396 1
11029423 0
11029591 1
11030524 0
11031040 1
11031856 1
11032660 0
11033153 0
11033302 1
11033569 0
11033882 0
11036477 0
11037290 1
11037923 1
11042262 1
11042388 0
11042658 0
11043208 0
11043690 1
11043820 0
11043872 1
11043882 1
11044315 1
11044668 0
11045572 0
11045769 0
11046644 1
11046830 0
11046878 1
11068380 0
11072470 1
11072852 0
11074543 0
11075808 0
11075908 1
11080639 0
11081517 1
11081810 1
11081838 1
11083319 1
11083613 0
11083701 1
11084022 0
11084086 1
11084620 1
11085766 0
11085809 1
11086673 0
11086949 0
11087103 0
11087371 0
11087963 1
11090395 1
11090673 1
11090674 0
11091260 0
11091445 0
11097136 1
11097853 0
11098753 0
11098995 1
11099144 0
11099193 0
11099737 1
11121489 0
11121968 0
11124920 0
11125699 0
11126471 1
11126517 0
11126673 0
11127105 0
11127981 0
11128910 1
11129480 1
11129788 1
11129945 1
11133969 1
11134608 0
11135168 1
11135286 1
11135910 0
11136049 0
11136139 0
11136338 1
11136578 0
11136690 0
11138542 0
11139884 0
11140831 1
11140834 0
11141358 1
11145563 1
11146152 1
11146260 0
11146647 0
11147333 0
11147596 0
11147785 0
11152075 1
11152281 1
11152312 1
11152753 1
11152823 1
11152894 1
11175619 1
11177727 0
11180468 0
11180779 0
11180994 0
11181828 0
11181891 1
11182706 0
11183305 0
11188067 1
11188192 0
11188479 0
11189239 0
11189432 0
11189648 1
11190108 0
11190322 0
11190431 0
11190768 0
11191557 1
11192141 0
11193975 0
11196317 0
11197101 1
11197457 1
11198005 0
11199046 0
11199105 1
11199150 0
11199783 1
11200573 1
11204531 0
11228549 0
11230630 1
11230715 0
11231255 0
11231549 0
11232325 0
11234533 1
11234625 1
11235008 1
11235573 0
11235672 1
11235816 1
11236571 0
11241473 0
11241658 0
11241927 0
11242689 0
11242934 1
11243349 0
11243761 0
11244855 1
11244968 0
11245234 1
11245307 0
11245339 1
11246127 1
11247049 1
11247419 0
11247648 0
11249981 0
11250139 0
11250152 0
11250341 0
11250488 0
11251077 0
11251096 0
11251546 0
11251622 0
11251837 1
11252233 1
11252437 1
11252706 1
11253076 1
11284760 1
11284798 0
11285650 0
11287012 0
11287679 1
11287896 1
11287936 0
11287949 0
11288779 0
11288888 0
11289128 1
11289335 1
11289675 0
11289759 1
11289822 0
11289990 1
11293804 0
11294218 0
11294409 1
11295008 0
11295350 1
11295720 0
11295851 1
11296084 0
11296211 0
11296805 1
11298371 1
11298561 1
11298714 0
11298776 0
11298877 0
11299484 0
11299667 0
11299941 1
11302791 1
11303425 0
11304421 0
11305250 1
11305377 0
11305448 1
11305776 0
11307599 1
11308295 0
11308660 1
11308784 0
11309182 0
11309403 0
11336656 0
11337714 1
11337843 0
11337883 0
11338267 1
11339000 1
11341723 1
11342308 0
11342694 0
11342804 0
11348417 0
11349180 0
11349490 0
11350954 0
11351140 1
11351480 0
11352644 0
11352756 1
11353223 0
11353313 0
11355933 1
11356839 0
11357004 0
11357686 0
11357931 1
11358607 1
11358669 0
11358698 0
11358755 0
11358810 1
11359175 1
11361055 0
11361765 0
11362947 1
11391047 0
11391496 0
11391750 0
11394085 1
11394192 1
11394905 1
11395200 1
11395438 1
11395816 1
11400880 0
11401029 0
11401466 1
11401925 0
11402359 1
11403129 1
11403437 1
11403918 0
11404925 1
11407805 0
11408704 1
11409529 1
11410217 0
11410478 0
11410549 1
11410622 0
11410886 0
11410978 1
11411163 0
11412190 1
11413138 0
11413158 1
11413393 0
11414700 1
11415370 1
11415780 0
11415994 1
11441797 0
11442227 1
11442897 0
11443382 1
11444313 1
11446151 1
11446691 1
11450315 1
11453225 0
11453627 1
11453721 0
11453905 0
11454275 1
11455176 1
11455925 1
11456246 1
11456449 0
11456927 1
11457554 0
11457734 1
11460287 0
11461138 1
11462100 0
11462235 0
11462972 1
11463411 1
11463450 1
11465784 1
11466172 0
11468149 0
11468340 1
11494169 0
11494312 1
11495084 1
11496497 0
11496569 0
11498043 0
11498101 1
11498178 0
11498298 1
11502538 1
11505872 1
11508336 1
11508970 1
11509207 0
11509277 1
11509608 0
11509792 0
11512096 1
11513798 0
11514322 0
11515377 0
11515424 0
11515497 0
11517291 0
11517524 0
11518492 0
11518690 1
11519405 0
11519450 0
11519735 0
11519991 1
11520578 0
11520642 0
11520923 1
11521155 1
11521352 0
11546913 0
11547411 0
11548940 1
11550492 0
11554793 1
11555266 0
11557992 0
11559187 0
11559206 0
11559478 1
11559552 1
11559645 0
11559818 0
11560054 1
11560465 0
11560861 0
11560939 0
11561379 0
11563791 0
11564024 0
11564307 1
11564401 0
11564787 1
11566089 1
11566273 0
11566466 0
11567392 0
11567563 0
11567572 1
11568605 0
11569659 1
11572172 1
11597759 1
11598116 0
11598312 1
11598459 0
11599342 0
11600208 1
11600255 0
11600604 0
11601202 0
11601378 1
11602793 0
11605089 1
11605355 0
11606451 0
11607019 0
11607216 0
11611663 1
11612171 1
11612200 1
11612320 0
11612603 0
11614827 1
11615224 1
11615498 1
11615617 1
11615890 0
11616096 0
11617501 0
11617622 1
11617751 0
11617824 0
11618522 1
11619724 0
11621486 0
11622144 1
11623012 1
11623195 1
11649294 1
11649869 0
11650039 0
11650041 0
11650219 1
11650784 1
11651361 0
11651776 0
11653073 1
11653236 0
11654305 0
11661782 0
11662090 0
11663151 1
11663297 0
11663387 1
11665692 1
11667630 0
11667799 0
11667928 1
11668036 1
11668246 1
11669113 0
11669622 1
11670968 0
11671068 0
11671621 0
11673900 1
11674666 1
11702195 0
11702480 0
11703230 1
11703724 0
11704163 0
11709871 1
11716326 0
11716362 0
11716402 0
11717920 0
11720493 1
11721291 1
11721374 0
11721438 1
11722424 0
11723893 0
11724179 0
11725564 0
11751835 1
11752118 0
11752358 0
11752396 0
11753010 0
11753211 1
11753439 0
11753722 0
11754056 1
11757076 1
11757206 1
11757305 1
11757466 0
11757910 0
11759220 0
11759478 0
11759860 1
11760969 0
11767058 1
11768570 1
11769182 0
11769563 0
11769823 0
11771561 0
11772905 0
11773616 0
11773657 1
11774110 1
11774570 0
11775041 1
11775398 1
11775511 0
11802037 1
11802109 1
11802617 0
11802908 0
11803855 0
11804677 0
11805390 1
11805460 1
11805792 1
11808481 1
11809504 0
11810190 0
11812012 0
11817405 0
11819363 0
11819760 1
11819928 0
11820243 0
11820688 1
11821439 0
11821966 0
11822342 0
11823838 1
11824814 0
11824976 1
11825166 0
11853719 1
11854450 1
11854801 0
11855110 1
11855667 0
11860180 1
11860256 0
11860771 1
11861857 0
11862360 1
11868246 1
11869095 0
11870991 1
11871718 1
11871882 1
11872655 1
11873200 1
11875246 0
11904299 0
11904929 1
11905111 0
11905159 0
11905393 1
11905420 0
11905840 0
11905997 0
11908744 1
11909809 0
11910249 0
11913049 1
11913446 1
11913802 1
11918016 1
11920678 0
11924919 0
11925044 0
11953581 1
11953668 1
11953849 1
11954278 1
11954989 0
11955410 1
11957627 1
11959228 1
11960470 1
11960908 0
11961034 1
11961615 1
11968334 0
11969106 1
11969378 1
11969879 1
11970987 1
11972774 0
11972904 0
11973246 1
11973569 0
11973853 0
11974612 0
11975173 0
12003253 1
12003742 1
12005162 0
12007558 1
12008413 0
12009953 0
12010646 1
12011705 1
12011995 1
12012511 0
12017132 0
12017985 0
12020466 1
12021069 0
12021730 0
12021906 1
12022099 0
12022176 0
12023574 1
12023863 0
12024640 0
12052691 1
12053188 1
12055552 1
12056072 1
12056767 1
12056819 0
12059907 0
12060834 0
12066218 0
12067001 1
12067490 0
12069693 0
12070025 0
12070114 1
12070487 0
12070650 1
12070670 0
12072570 1
12101990 1
12105938 1
12108732 1
12109442 1
12110800 1
12110919 0
12111110 0
12114999 1
12115227 0
12116393 0
12116644 1
12116993 0
12117077 0
12117099 1
12117138 1
12117790 0
12117920 1
12118044 1
12119864 1
12119979 1
12120144 0
12120230 0
12120327 1
12120872 0
12121207 1
12121377 1
12121656 1
12122085 0
12122151 0
12153362 0
12153488 1
12156445 0
12157006 1
12158327 1
12158667 1
12165692 0
12166162 0
12166441 0
12167910 0
12168406 0
12169845 0
12170173 0
12202431 1
12203653 1
12204508 1
12205702 0
12206414 1
12206828 1
12207086 1
12207740 0
12215063 1
12215568 0
12215647 0
12215898 0
12216750 0
12217017 0
12217239 1
12218869 0
12219032 0
12252410 0
12253210 0
12253294 0
12254670 0
12254817 0
12257026 1
12258572 0
12264089 0
12265509 1
12266056 0
12267816 0
12268819 1
12300740 0
12302542 1
12304485 1
12305574 1
12305778 0
12314910 0
12314927 0
12316100 0
12316126 0
12316494 1
12356204 1
12365293 1
12366537 0
12366840 0
12367827 1
12401315 0
12403961 0
12406029 1
12406844 1
12418339 1
12418504 0
12418515 1
12454043 1
12454554 0
12455117 1
12455357 1
12470054 0
12504153 0
12505388 1
12505459 1
12505741 0
12506130 1
12506147 0
12506290 1
12507291 1
12507838 0
12553494 0
12598909 0
12600075 1
12600471 0
12601052 1
12602404 0
12643940 1
12644458 1
12644579 1
12645107 1
12645202 1
12647227 0
12647352 0
12647597 1
12647649 1
12688798 0
12690461 1
12735106 1
12735291 1
12735851 0
12736410 1
12784948 1
12785083 1
12884116 0
12884930 1
